Project Name (Inspection Registered Name),Repo name,Project address (github website),Intelligent module interface,Interface implementation location,Interface call location,Star number,Why it is a intelligent interface(call path),Commit hash
transformers,huggingface/transformers,https://github.com/huggingface/transformers,Trainer_evaluate,/mnt/data/data/transformers/src/transformers/trainer.py,/mnt/data/data/transformers/examples/pytorch/audio-classification/run_audio_classification.py,153176,"['/mnt/data/data/transformers/examples/pytorch/audio-classification/run_audio_classification.py <--- <module>', '/mnt/data/data/transformers/src/transformers/trainer.py <--- Trainer.evaluate', '/mnt/data/data/transformers/src/transformers/trainer.py <--- Trainer.evaluation_loop', '/mnt/data/data/transformers/src/transformers/trainer.py <--- Trainer.prediction_step', '/mnt/data/data/transformers/src/transformers/trainer.py <--- Call Matched Method: no_grad , Object Name: None, Possible Types: []']",8eef4bbf2b73e717df8348ae7dcba3488c39fc34
whisper,openai/whisper,https://github.com/openai/whisper,add_word_timestamps,/mnt/data/data/whisper/whisper/timing.py,/mnt/data/data/whisper/whisper/transcribe.py,91380,"['/mnt/data/data/whisper/whisper/transcribe.py <--- <module>', '/mnt/data/data/whisper/whisper/timing.py <--- add_word_timestamps', '/mnt/data/data/whisper/whisper/timing.py <--- find_alignment', '/mnt/data/data/whisper/whisper/timing.py <--- Call Matched Method: softmax , Object Name: sampled_logits, Possible Types: []']",517a43ecd132a2089d85f4ebc044728a71d49f6e
markitdown,microsoft/markitdown,https://github.com/microsoft/markitdown,MarkItDown_convert,/mnt/data/data/markitdown/packages/markitdown/src/markitdown/_markitdown.py,/mnt/data/data/markitdown/packages/markitdown-sample-plugin/tests/test_sample_plugin.py,83454,"['/mnt/data/data/markitdown/packages/markitdown-sample-plugin/tests/test_sample_plugin.py <--- <module>', '/mnt/data/data/markitdown/packages/markitdown/src/markitdown/_markitdown.py <--- MarkItDown.convert', '/mnt/data/data/markitdown/packages/markitdown/src/markitdown/_markitdown.py <--- MarkItDown.convert_uri', '/mnt/data/data/markitdown/packages/markitdown/src/markitdown/_markitdown.py <--- MarkItDown.convert_local', '/mnt/data/data/markitdown/packages/markitdown/src/markitdown/_markitdown.py <--- MarkItDown._convert', '/mnt/data/data/markitdown/packages/markitdown/src/markitdown/converters/_image_converter.py <--- ImageConverter.convert', '/mnt/data/data/markitdown/packages/markitdown/src/markitdown/converters/_image_converter.py <--- ImageConverter._get_llm_description', '/mnt/data/data/markitdown/packages/markitdown/src/markitdown/converters/_image_converter.py <--- Call Matched Method: create , Object Name: client.chat.completions, Possible Types: []']",dde250a456d178fe344fce17ef10d00fe929f680
LLMs_from_scratch,rasbt/LLMs-from-scratch,https://github.com/rasbt/LLMs-from-scratch,compute_accuracy,/mnt/data/data/LLMs-from-scratch/appendix-A/01_main-chapter-code/DDP-script-torchrun.py,/mnt/data/data/LLMs-from-scratch/appendix-A/01_main-chapter-code/DDP-script-torchrun.py,80117,"['/mnt/data/data/LLMs-from-scratch/appendix-A/01_main-chapter-code/DDP-script-torchrun.py <--- <module>', '/mnt/data/data/LLMs-from-scratch/appendix-A/01_main-chapter-code/DDP-script-torchrun.py <--- compute_accuracy', '/mnt/data/data/LLMs-from-scratch/appendix-A/01_main-chapter-code/DDP-script-torchrun.py <--- Call Matched Method: no_grad , Object Name: None, Possible Types: []']",a11965fbd957a73b4f08036852eb600de3956523
stable_diffusion,CompVis/stable-diffusion,https://github.com/CompVis/stable-diffusion,DDIMSampler_stochastic_encode,/mnt/data/data/stable-diffusion/ldm/models/diffusion/ddim.py,/mnt/data/data/stable-diffusion/scripts/img2img.py,71906,"['/mnt/data/data/stable-diffusion/scripts/img2img.py <--- <module>', '/mnt/data/data/stable-diffusion/ldm/models/diffusion/ddim.py <--- DDIMSampler.stochastic_encode', '/mnt/data/data/stable-diffusion/ldm/models/diffusion/ddim.py <--- Call Matched Method: no_grad , Object Name: None, Possible Types: []']",21f890f9da3cfbeaba8e2ac3c425ee9e998d5229
annotated_deep_learning_paper_implementations,labmlai/annotated_deep_learning_paper_implementations,https://github.com/labmlai/annotated_deep_learning_paper_implementations,DDIMSampler_q_sample,/mnt/data/data/annotated_deep_learning_paper_implementations/labml_nn/diffusion/stable_diffusion/sampler/ddim.py,/mnt/data/data/annotated_deep_learning_paper_implementations/labml_nn/diffusion/stable_diffusion/scripts/image_to_image.py,64603,"['/mnt/data/data/annotated_deep_learning_paper_implementations/labml_nn/diffusion/stable_diffusion/scripts/image_to_image.py <--- <module>', '/mnt/data/data/annotated_deep_learning_paper_implementations/labml_nn/diffusion/stable_diffusion/sampler/ddim.py <--- DDIMSampler.q_sample', '/mnt/data/data/annotated_deep_learning_paper_implementations/labml_nn/diffusion/stable_diffusion/sampler/ddim.py <--- Call Matched Method: no_grad , Object Name: None, Possible Types: []']",25e169843e93980faa1d0468ea4df42ca7463382
LLaMA_Factory,hiyouga/LLaMA-Factory,https://github.com/hiyouga/LLaMA-Factory,ChatModel_chat,/mnt/data/data/LLaMA-Factory/src/llamafactory/chat/chat_model.py,/mnt/data/data/LLaMA-Factory/tests/e2e/test_sglang.py,63281,"['/mnt/data/data/LLaMA-Factory/tests/e2e/test_sglang.py <--- <module>', '/mnt/data/data/LLaMA-Factory/src/llamafactory/chat/chat_model.py <--- ChatModel.chat', '/mnt/data/data/LLaMA-Factory/src/llamafactory/chat/chat_model.py <--- ChatModel.achat', '/mnt/data/data/LLaMA-Factory/src/llamafactory/chat/vllm_engine.py <--- VllmEngine.chat', ""/mnt/data/data/LLaMA-Factory/src/llamafactory/chat/vllm_engine.py <--- Call Matched Method: _generate , Object Name: self, Possible Types: ['VllmEngine']""]",5744f1ea940169303f0c495d067800f829b06599
Real_Time_Voice_Cloning,CorentinJ/Real-Time-Voice-Cloning,https://github.com/CorentinJ/Real-Time-Voice-Cloning,run_synthesis,/mnt/data/data/Real-Time-Voice-Cloning/synthesizer/synthesize.py,/mnt/data/data/Real-Time-Voice-Cloning/vocoder_preprocess.py,58937,"['/mnt/data/data/Real-Time-Voice-Cloning/vocoder_preprocess.py <--- <module>', '/mnt/data/data/Real-Time-Voice-Cloning/synthesizer/synthesize.py <--- run_synthesis', ""/mnt/data/data/Real-Time-Voice-Cloning/synthesizer/synthesize.py <--- Call Matched Method: __call__ , Object Name: model, Possible Types: ['Tacotron']""]",911679d0c27fb57cde8ef2b5967e9ed2dd543e10
yolov5,ultralytics/yolov5,https://github.com/ultralytics/yolov5,DetectMultiBackend_warmup,/mnt/data/data/yolov5/models/common.py,/mnt/data/data/yolov5/classify/predict.py,56194,"['/mnt/data/data/yolov5/classify/predict.py <--- <module>', '/mnt/data/data/yolov5/models/common.py <--- DetectMultiBackend.warmup', ""/mnt/data/data/yolov5/models/common.py <--- Call Matched Method: forward , Object Name: self, Possible Types: ['DetectMultiBackend']""]",f4d8a84c3855fcad94bdb1104c48d3804adc7b10
gpt_engineer,AntonOsika/gpt-engineer,https://github.com/AntonOsika/gpt-engineer,run,/mnt/data/data/gpt-engineer/gpt_engineer/benchmark/run.py,/mnt/data/data/gpt-engineer/gpt_engineer/benchmark/__main__.py,55071,"['/mnt/data/data/gpt-engineer/gpt_engineer/benchmark/__main__.py <--- <module>', '/mnt/data/data/gpt-engineer/gpt_engineer/benchmark/run.py <--- run', '/mnt/data/data/gpt-engineer/gpt_engineer/core/default/simple_agent.py <--- SimpleAgent.improve', '/mnt/data/data/gpt-engineer/gpt_engineer/core/default/steps.py <--- improve_fn', '/mnt/data/data/gpt-engineer/gpt_engineer/core/default/steps.py <--- _improve_loop', '/mnt/data/data/gpt-engineer/gpt_engineer/core/ai.py <--- AI.next', '/mnt/data/data/gpt-engineer/gpt_engineer/core/ai.py <--- AI.backoff_inference', '/mnt/data/data/gpt-engineer/gpt_engineer/core/ai.py <--- Call Matched Method: invoke , Object Name: self.llm, Possible Types: []']",a90fcd543eedcc0ff2c34561bc0785d2ba83c47e
segment_anything,facebookresearch/segment-anything,https://github.com/facebookresearch/segment-anything,SamAutomaticMaskGenerator_generate,/mnt/data/data/segment-anything/segment_anything/automatic_mask_generator.py,/mnt/data/data/segment-anything/scripts/amg.py,52716,"['/mnt/data/data/segment-anything/scripts/amg.py <--- <module>', '/mnt/data/data/segment-anything/segment_anything/automatic_mask_generator.py <--- SamAutomaticMaskGenerator.generate', '/mnt/data/data/segment-anything/segment_anything/automatic_mask_generator.py <--- Call Matched Method: no_grad , Object Name: None, Possible Types: []']",dca509fe793f601edb92606367a655c15ac00fdf
autogen,microsoft/autogen,https://github.com/microsoft/autogen,Grader_test_apprentice,/mnt/data/data/autogen/python/packages/autogen-ext/src/autogen_ext/experimental/task_centric_memory/utils/grader.py,/mnt/data/data/autogen/python/packages/autogen-ext/tests/task_centric_memory/test_learning_from_demonstration.py,52051,"['/mnt/data/data/autogen/python/packages/autogen-ext/tests/task_centric_memory/test_learning_from_demonstration.py <--- <module>', '/mnt/data/data/autogen/python/packages/autogen-ext/src/autogen_ext/experimental/task_centric_memory/utils/grader.py <--- Grader.test_apprentice', '/mnt/data/data/autogen/python/packages/autogen-ext/src/autogen_ext/experimental/task_centric_memory/utils/apprentice.py <--- Apprentice.assign_task', '/mnt/data/data/autogen/python/packages/autogen-ext/src/autogen_ext/experimental/task_centric_memory/memory_controller.py <--- MemoryController.assign_task', '/mnt/data/data/autogen/python/packages/autogen-ext/src/autogen_ext/experimental/task_centric_memory/memory_controller.py <--- MemoryController._append_any_relevant_memories', '/mnt/data/data/autogen/python/packages/autogen-ext/src/autogen_ext/experimental/task_centric_memory/memory_controller.py <--- MemoryController.retrieve_relevant_memos', '/mnt/data/data/autogen/python/packages/autogen-ext/src/autogen_ext/experimental/task_centric_memory/_prompter.py <--- Prompter.generalize_task', '/mnt/data/data/autogen/python/packages/autogen-ext/src/autogen_ext/experimental/task_centric_memory/_prompter.py <--- Prompter.call_model', '/mnt/data/data/autogen/python/packages/autogen-ext/src/autogen_ext/experimental/task_centric_memory/utils/chat_completion_client_recorder.py <--- ChatCompletionClientRecorder.create', '/mnt/data/data/autogen/python/packages/autogen-ext/src/autogen_ext/models/cache/_chat_completion_cache.py <--- ChatCompletionCache.create', '/mnt/data/data/autogen/python/packages/autogen-ext/src/autogen_ext/models/openai/_openai_client.py <--- BaseOpenAIChatCompletionClient.create', '/mnt/data/data/autogen/python/packages/autogen-ext/src/autogen_ext/models/openai/_openai_client.py <--- Call Matched Method: create , Object Name: self._client.chat.completions, Possible Types: []']",13e144e5476a76ca0d76bf4f07a6401d133a03ed
ultralytics,ultralytics/ultralytics,https://github.com/ultralytics/ultralytics,main,/mnt/data/data/ultralytics/examples/YOLOv8-OpenCV-ONNX-Python/main.py,/mnt/data/data/ultralytics/examples/YOLOv8-OpenCV-ONNX-Python/main.py,49318,"['/mnt/data/data/ultralytics/examples/YOLOv8-OpenCV-ONNX-Python/main.py <--- <module>', '/mnt/data/data/ultralytics/examples/YOLOv8-OpenCV-ONNX-Python/main.py <--- main', ""/mnt/data/data/ultralytics/examples/YOLOv8-OpenCV-ONNX-Python/main.py <--- Call Matched Method: forward , Object Name: model, Possible Types: ['Net']""]",5e4e0316f49fd318b98f602621033e1d1ebedac2
MoneyPrinterTurbo,harry0703/MoneyPrinterTurbo,https://github.com/harry0703/MoneyPrinterTurbo,_generate_response,/mnt/data/data/MoneyPrinterTurbo/app/services/llm.py,/mnt/data/data/MoneyPrinterTurbo/app/services/llm.py,48006,"['/mnt/data/data/MoneyPrinterTurbo/app/services/llm.py <--- <module>', '/mnt/data/data/MoneyPrinterTurbo/app/services/llm.py <--- _generate_response', '/mnt/data/data/MoneyPrinterTurbo/app/services/llm.py <--- Call Matched Method: create , Object Name: client.chat.completions, Possible Types: []']",6cb5f2348714b08fd7cf04a416c13faeab1d356b
docling,docling-project/docling,https://github.com/docling-project/docling,enrich_document,/mnt/data/data/docling/docs/examples/enrich_doclingdocument.py,/mnt/data/data/docling/docs/examples/enrich_doclingdocument.py,45345,"['/mnt/data/data/docling/docs/examples/enrich_doclingdocument.py <--- <module>', '/mnt/data/data/docling/docs/examples/enrich_doclingdocument.py <--- enrich_document', ""/mnt/data/data/docling/docs/examples/enrich_doclingdocument.py <--- Call Matched Method: __call__ , Object Name: model, Possible Types: ['DocumentPictureClassifier']""]",edbabfcac2fd53345b1a0677e81f206285d58bae
stablediffusion,Stability-AI/stablediffusion,https://github.com/Stability-AI/stablediffusion,DDIMSampler_stochastic_encode,/mnt/data/data/stablediffusion/ldm/models/diffusion/ddim.py,/mnt/data/data/stablediffusion/scripts/img2img.py,42066,"['/mnt/data/data/stablediffusion/scripts/img2img.py <--- <module>', '/mnt/data/data/stablediffusion/ldm/models/diffusion/ddim.py <--- DDIMSampler.stochastic_encode', '/mnt/data/data/stablediffusion/ldm/models/diffusion/ddim.py <--- Call Matched Method: no_grad , Object Name: None, Possible Types: []']",f16630a927e00098b524d687640719e4eb469b76
ColossalAI,hpcaitech/ColossalAI,https://github.com/hpcaitech/ColossalAI,generate,/mnt/data/data/ColossalAI/applications/Colossal-LLaMA/inference/inference_example.py,/mnt/data/data/ColossalAI/applications/Colossal-LLaMA/inference/inference_example.py,41272,"['/mnt/data/data/ColossalAI/applications/Colossal-LLaMA/inference/inference_example.py <--- <module>', '/mnt/data/data/ColossalAI/applications/Colossal-LLaMA/inference/inference_example.py <--- generate', '/mnt/data/data/ColossalAI/applications/Colossal-LLaMA/inference/inference_example.py <--- Call Matched Method: inference_mode , Object Name: None, Possible Types: []']",b1915d2889543949eb5b610241f1515c73df5059
FastChat,lm-sys/FastChat,https://github.com/lm-sys/FastChat,chat_completion_openai,/mnt/data/data/FastChat/fastchat/llm_judge/common.py,/mnt/data/data/FastChat/fastchat/llm_judge/gen_api_answer.py,39288,"['/mnt/data/data/FastChat/fastchat/llm_judge/gen_api_answer.py <--- <module>', '/mnt/data/data/FastChat/fastchat/llm_judge/common.py <--- chat_completion_openai', '/mnt/data/data/FastChat/fastchat/llm_judge/common.py <--- Call Matched Method: create , Object Name: openai.ChatCompletion, Possible Types: []']",587d5cfa1609a43d192cedb8441cac3c17db105d
bark,suno-ai/bark,https://github.com/suno-ai/bark,generate_audio,/mnt/data/data/bark/bark/api.py,/mnt/data/data/bark/bark/cli.py,38766,"['/mnt/data/data/bark/bark/cli.py <--- <module>', '/mnt/data/data/bark/bark/api.py <--- generate_audio', '/mnt/data/data/bark/bark/api.py <--- text_to_semantic', '/mnt/data/data/bark/bark/generation.py <--- generate_text_semantic', '/mnt/data/data/bark/bark/generation.py <--- Call Matched Method: topk , Object Name: None, Possible Types: []']",f4f32d4cd480dfec1c245d258174bc9bde3c2148
nanochat,karpathy/nanochat,https://github.com/karpathy/nanochat,sample_next_token,/mnt/data/data/nanochat/nanochat/engine.py,/mnt/data/data/nanochat/nanochat/engine.py,37805,"['/mnt/data/data/nanochat/nanochat/engine.py <--- <module>', '/mnt/data/data/nanochat/nanochat/engine.py <--- sample_next_token', '/mnt/data/data/nanochat/nanochat/engine.py <--- Call Matched Method: topk , Object Name: None, Possible Types: []']",4a87a0d19f30799b6c700285822dcca850adf6a4
Open_Assistant,LAION-AI/Open-Assistant,https://github.com/LAION-AI/Open-Assistant,batch_inference,/mnt/data/data/Open-Assistant/model/model_eval/eval_rm.py,/mnt/data/data/Open-Assistant/model/model_eval/eval_rm.py,37499,"['/mnt/data/data/Open-Assistant/model/model_eval/eval_rm.py <--- <module>', '/mnt/data/data/Open-Assistant/model/model_eval/eval_rm.py <--- batch_inference', '/mnt/data/data/Open-Assistant/model/model_eval/eval_rm.py <--- Call Matched Method: no_grad , Object Name: None, Possible Types: []']",f1e6ed9526f5817531f3ab85441a40b3671ddccb
GFPGAN,TencentARC/GFPGAN,https://github.com/TencentARC/GFPGAN,GFPGANer_enhance,/mnt/data/data/GFPGAN/gfpgan/utils.py,/mnt/data/data/GFPGAN/inference_gfpgan.py,37253,"['/mnt/data/data/GFPGAN/inference_gfpgan.py <--- <module>', '/mnt/data/data/GFPGAN/gfpgan/utils.py <--- GFPGANer.enhance', ""/mnt/data/data/GFPGAN/gfpgan/utils.py <--- Call Matched Method: __call__ , Object Name: self.gfpgan, Possible Types: ['GFPGANv1', 'RestoreFormer', 'GFPGANv1Clean', 'GFPGANBilinear']""]",7552a7791caad982045a7bbe5634bbf1cd5c8679
DragGAN,XingangPan/DragGAN,https://github.com/XingangPan/DragGAN,run,/mnt/data/data/DragGAN/stylegan_human/alignment.py,/mnt/data/data/DragGAN/stylegan_human/alignment.py,35994,"['/mnt/data/data/DragGAN/stylegan_human/alignment.py <--- <module>', '/mnt/data/data/DragGAN/stylegan_human/alignment.py <--- run', '/mnt/data/data/DragGAN/stylegan_human/openpose/src/body.py <--- Body.__call__', ""/mnt/data/data/DragGAN/stylegan_human/openpose/src/body.py <--- Call Matched Method: __call__ , Object Name: self.model, Possible Types: ['bodypose_model']""]",336f120ce126aca6f55dc58537e76c10d19eabd0
HanLP,hankcs/HanLP,https://github.com/hankcs/HanLP,ContextualStringEmbeddingModule_embed,/mnt/data/data/HanLP/hanlp/layers/embeddings/contextual_string_embedding.py,/mnt/data/data/HanLP/hanlp/layers/embeddings/contextual_string_embedding.py,35928,"['/mnt/data/data/HanLP/hanlp/layers/embeddings/contextual_string_embedding.py <--- <module>', '/mnt/data/data/HanLP/hanlp/layers/embeddings/contextual_string_embedding.py <--- ContextualStringEmbeddingModule.embed', ""/mnt/data/data/HanLP/hanlp/layers/embeddings/contextual_string_embedding.py <--- Call Matched Method: forward , Object Name: self, Possible Types: ['ContextualStringEmbeddingModule']""]",ddb1299bddff079e447af52ec12549c50636bfa8
OpenVoice,myshell-ai/OpenVoice,https://github.com/myshell-ai/OpenVoice,BaseSpeakerTTS_tts,/mnt/data/data/OpenVoice/openvoice/api.py,/mnt/data/data/OpenVoice/openvoice/openvoice_app.py,35540,"['/mnt/data/data/OpenVoice/openvoice/openvoice_app.py <--- <module>', '/mnt/data/data/OpenVoice/openvoice/api.py <--- BaseSpeakerTTS.tts', '/mnt/data/data/OpenVoice/openvoice/api.py <--- Call Matched Method: no_grad , Object Name: None, Possible Types: []']",74a1d147b17a8c3092dd5430504bd83ef6c7eb23
detectron2,facebookresearch/detectron2,https://github.com/facebookresearch/detectron2,VisualizationDemo_run_on_image,/mnt/data/data/detectron2/demo/predictor.py,/mnt/data/data/detectron2/demo/demo.py,33754,"['/mnt/data/data/detectron2/demo/demo.py <--- <module>', '/mnt/data/data/detectron2/demo/predictor.py <--- VisualizationDemo.run_on_image', ""/mnt/data/data/detectron2/demo/predictor.py <--- Call Matched Method: __call__ , Object Name: self.predictor, Possible Types: ['DefaultPredictor']""]",fd27788985af0f4ca800bca563acdb700bb890e2
Real_ESRGAN,xinntao/Real-ESRGAN,https://github.com/xinntao/Real-ESRGAN,RealESRGANer_enhance,/mnt/data/data/Real-ESRGAN/realesrgan/utils.py,/mnt/data/data/Real-ESRGAN/inference_realesrgan.py,33360,"['/mnt/data/data/Real-ESRGAN/inference_realesrgan.py <--- <module>', '/mnt/data/data/Real-ESRGAN/realesrgan/utils.py <--- RealESRGANer.enhance', '/mnt/data/data/Real-ESRGAN/realesrgan/utils.py <--- Call Matched Method: no_grad , Object Name: None, Possible Types: []']",a4abfb2979a7bbff3f69f58f58ae324608821e27
mmdetection,open-mmlab/mmdetection,https://github.com/open-mmlab/mmdetection,main,/mnt/data/data/mmdetection/demo/image_demo.py,/mnt/data/data/mmdetection/demo/image_demo.py,32080,"['/mnt/data/data/mmdetection/demo/image_demo.py <--- <module>', '/mnt/data/data/mmdetection/demo/image_demo.py <--- main', '/mnt/data/data/mmdetection/mmdet/apis/det_inferencer.py <--- DetInferencer.__call__', ""/mnt/data/data/mmdetection/mmdet/apis/det_inferencer.py <--- Call Matched Method: forward , Object Name: self, Possible Types: ['DetInferencer']""]",cfd5d3a985b0249de009b67d04f37263e11cdf3d
litellm,BerriAI/litellm,https://github.com/BerriAI/litellm,call_acompletion,/mnt/data/data/litellm/cookbook/litellm_router_load_test/test_loadtest_openai_client.py,/mnt/data/data/litellm/cookbook/litellm_router_load_test/test_loadtest_openai_client.py,31798,"['/mnt/data/data/litellm/cookbook/litellm_router_load_test/test_loadtest_openai_client.py <--- <module>', '/mnt/data/data/litellm/cookbook/litellm_router_load_test/test_loadtest_openai_client.py <--- call_acompletion', '/mnt/data/data/litellm/cookbook/litellm_router_load_test/test_loadtest_openai_client.py <--- Call Matched Method: create , Object Name: openai_client.chat.completions, Possible Types: []']",60a325e4038367fa6330a603f7715df454c5d581
tinygrad,tinygrad/tinygrad,https://github.com/tinygrad/tinygrad,Transformer___call__,/mnt/data/data/tinygrad/extra/models/llama.py,/mnt/data/data/tinygrad/test/external/external_test_jit_on_models.py,30741,"['/mnt/data/data/tinygrad/test/external/external_test_jit_on_models.py <--- <module>', '/mnt/data/data/tinygrad/extra/models/llama.py <--- Transformer.__call__', ""/mnt/data/data/tinygrad/extra/models/llama.py <--- Call Matched Method: forward , Object Name: self, Possible Types: ['Transformer']""]",dd8a1a10d4b99d89b66697b125991f53ab810038
pytorch_lightning,Lightning-AI/pytorch-lightning,https://github.com/Lightning-AI/pytorch-lightning,MyCustomTrainer_fit,/mnt/data/data/pytorch-lightning/examples/fabric/build_your_own_trainer/trainer.py,/mnt/data/data/pytorch-lightning/examples/fabric/build_your_own_trainer/run.py,30534,"['/mnt/data/data/pytorch-lightning/examples/fabric/build_your_own_trainer/run.py <--- <module>', '/mnt/data/data/pytorch-lightning/examples/fabric/build_your_own_trainer/trainer.py <--- MyCustomTrainer.fit', '/mnt/data/data/pytorch-lightning/examples/fabric/build_your_own_trainer/trainer.py <--- MyCustomTrainer.val_loop', '/mnt/data/data/pytorch-lightning/examples/pytorch/domain_templates/computer_vision_fine_tuning.py <--- TransferLearningModel.validation_step', ""/mnt/data/data/pytorch-lightning/examples/pytorch/domain_templates/computer_vision_fine_tuning.py <--- Call Matched Method: forward , Object Name: self, Possible Types: ['TransferLearningModel']""]",79ffe5025e0ceababbe874d6269e2006145226c1
BettaFish,666ghj/BettaFish,https://github.com/666ghj/BettaFish,SentimentPredictor_predict_single,/mnt/data/data/BettaFish/SentimentAnalysisModel/WeiboSentiment_MachineLearning/predict.py,/mnt/data/data/BettaFish/SentimentAnalysisModel/WeiboSentiment_MachineLearning/predict.py,30038,"['/mnt/data/data/BettaFish/SentimentAnalysisModel/WeiboSentiment_MachineLearning/predict.py <--- <module>', '/mnt/data/data/BettaFish/SentimentAnalysisModel/WeiboSentiment_MachineLearning/predict.py <--- SentimentPredictor.predict_single', '/mnt/data/data/BettaFish/SentimentAnalysisModel/WeiboSentiment_MachineLearning/bert_train.py <--- BertModel_Custom.predict_single', '/mnt/data/data/BettaFish/SentimentAnalysisModel/WeiboSentiment_MachineLearning/bert_train.py <--- Call Matched Method: no_grad , Object Name: None, Possible Types: []']",160d1e52afbbc9e828984d165ec0be5ef8a9409e
EasyOCR,JaidedAI/EasyOCR,https://github.com/JaidedAI/EasyOCR,Reader_readtext,/mnt/data/data/EasyOCR/easyocr/easyocr.py,/mnt/data/data/EasyOCR/easyocr/cli.py,28471,"['/mnt/data/data/EasyOCR/easyocr/cli.py <--- <module>', '/mnt/data/data/EasyOCR/easyocr/easyocr.py <--- Reader.readtext', '/mnt/data/data/EasyOCR/easyocr/easyocr.py <--- Reader.recognize', '/mnt/data/data/EasyOCR/easyocr/recognition.py <--- get_text', '/mnt/data/data/EasyOCR/easyocr/recognition.py <--- recognizer_predict', '/mnt/data/data/EasyOCR/easyocr/recognition.py <--- Call Matched Method: softmax , Object Name: None, Possible Types: []']",c4f3cd7225efd4f85451bd8b4a7646ae9a092420
so_vits_svc,svc-develop-team/so-vits-svc,https://github.com/svc-develop-team/so-vits-svc,Svc_slice_inference,/mnt/data/data/so-vits-svc/inference/infer_tool.py,/mnt/data/data/so-vits-svc/inference_main.py,27811,"['/mnt/data/data/so-vits-svc/inference_main.py <--- <module>', '/mnt/data/data/so-vits-svc/inference/infer_tool.py <--- Svc.slice_inference', '/mnt/data/data/so-vits-svc/inference/infer_tool.py <--- Svc.infer', '/mnt/data/data/so-vits-svc/inference/infer_tool.py <--- Call Matched Method: no_grad , Object Name: None, Possible Types: []']",730930d337d171479eadf305f96cbed4bb393e77
fastai,fastai/fastai,https://github.com/fastai/fastai,test,/mnt/data/data/fastai/nbs/examples/migrating_pytorch.py,/mnt/data/data/fastai/nbs/examples/migrating_pytorch.py,27622,"['/mnt/data/data/fastai/nbs/examples/migrating_pytorch.py <--- <module>', '/mnt/data/data/fastai/nbs/examples/migrating_pytorch.py <--- test', '/mnt/data/data/fastai/nbs/examples/migrating_pytorch.py <--- Call Matched Method: no_grad , Object Name: None, Possible Types: []']",3464547927058d2f953de18f360801809f6f8d07
InvokeAI,invoke-ai/InvokeAI,https://github.com/invoke-ai/InvokeAI,vae_encode,/mnt/data/data/InvokeAI/scripts/generate_vae_linear_approximation.py,/mnt/data/data/InvokeAI/scripts/generate_vae_linear_approximation.py,26344,"['/mnt/data/data/InvokeAI/scripts/generate_vae_linear_approximation.py <--- <module>', '/mnt/data/data/InvokeAI/scripts/generate_vae_linear_approximation.py <--- vae_encode', '/mnt/data/data/InvokeAI/scripts/generate_vae_linear_approximation.py <--- Call Matched Method: no_grad , Object Name: None, Possible Types: []']",6f9f8e57ac72aa65f9d860beb56317dfe1fe66fd
TradingAgents,TauricResearch/TradingAgents,https://github.com/TauricResearch/TradingAgents,TradingAgentsGraph_process_signal,/mnt/data/data/TradingAgents/tradingagents/graph/trading_graph.py,/mnt/data/data/TradingAgents/cli/main.py,25749,"['/mnt/data/data/TradingAgents/cli/main.py <--- <module>', '/mnt/data/data/TradingAgents/tradingagents/graph/trading_graph.py <--- TradingAgentsGraph.process_signal', '/mnt/data/data/TradingAgents/tradingagents/graph/signal_processing.py <--- SignalProcessor.process_signal', ""/mnt/data/data/TradingAgents/tradingagents/graph/signal_processing.py <--- Call Matched Method: invoke , Object Name: self.quick_thinking_llm, Possible Types: ['ChatOpenAI']""]",13b826a31dacf2ac73b88b12825a5e94c5f823be
LightRAG,HKUDS/LightRAG,https://github.com/HKUDS/LightRAG,openai_complete_if_cache,/mnt/data/data/LightRAG/lightrag/llm/openai.py,/mnt/data/data/LightRAG/examples/lightrag_openai_compatible_demo.py,24803,"['/mnt/data/data/LightRAG/examples/lightrag_openai_compatible_demo.py <--- <module>', '/mnt/data/data/LightRAG/lightrag/llm/openai.py <--- openai_complete_if_cache', '/mnt/data/data/LightRAG/lightrag/llm/openai.py <--- Call Matched Method: create , Object Name: openai_async_client.chat.completions, Possible Types: []']",f0d67f166a146abf0e9cfc52b4c33a26d0e062f6
BitNet,microsoft/BitNet,https://github.com/microsoft/BitNet,FastGen_compile_prefill,/mnt/data/data/BitNet/gpu/generate.py,/mnt/data/data/BitNet/gpu/generate.py,24436,"['/mnt/data/data/BitNet/gpu/generate.py <--- <module>', '/mnt/data/data/BitNet/gpu/generate.py <--- FastGen.compile_prefill', '/mnt/data/data/BitNet/gpu/model.py <--- Transformer.forward_with_attn_bias', '/mnt/data/data/BitNet/gpu/model.py <--- Call Matched Method: no_grad , Object Name: None, Possible Types: []']",404980eecae38affa4871c3e419eae3f44536a95
gpt_researcher,assafelovic/gpt-researcher,https://github.com/assafelovic/gpt-researcher,SimpleQAEval_evaluate_example,/mnt/data/data/gpt-researcher/evals/simple_evals/simpleqa_eval.py,/mnt/data/data/gpt-researcher/evals/simple_evals/run_eval.py,24325,"['/mnt/data/data/gpt-researcher/evals/simple_evals/run_eval.py <--- <module>', '/mnt/data/data/gpt-researcher/evals/simple_evals/simpleqa_eval.py <--- SimpleQAEval.evaluate_example', '/mnt/data/data/gpt-researcher/evals/simple_evals/simpleqa_eval.py <--- SimpleQAEval.grade_response', '/mnt/data/data/gpt-researcher/evals/simple_evals/simpleqa_eval.py <--- Call Matched Method: invoke , Object Name: self.grader_model, Possible Types: []']",17778d1c6bd58204cb9a4a870bc5e54766da3694
fish_speech,fishaudio/fish-speech,https://github.com/fishaudio/fish-speech,generate,/mnt/data/data/fish-speech/fish_speech/models/text2semantic/inference.py,/mnt/data/data/fish-speech/fish_speech/models/text2semantic/inference.py,24219,"['/mnt/data/data/fish-speech/fish_speech/models/text2semantic/inference.py <--- <module>', '/mnt/data/data/fish-speech/fish_speech/models/text2semantic/inference.py <--- generate', '/mnt/data/data/fish-speech/fish_speech/models/text2semantic/inference.py <--- Call Matched Method: inference_mode , Object Name: None, Possible Types: []']",b1676422d99c141dbfdab7b00d811acddd45021d
LLaVA,haotian-liu/LLaVA,https://github.com/haotian-liu/LLaVA,main,/mnt/data/data/LLaVA/llava/serve/cli.py,/mnt/data/data/LLaVA/llava/serve/cli.py,24071,"['/mnt/data/data/LLaVA/llava/serve/cli.py <--- <module>', '/mnt/data/data/LLaVA/llava/serve/cli.py <--- main', '/mnt/data/data/LLaVA/llava/serve/cli.py <--- Call Matched Method: inference_mode , Object Name: None, Possible Types: []']",c121f0432da27facab705978f83c4ada465e46fd
minGPT,karpathy/minGPT,https://github.com/karpathy/minGPT,GPT_generate,/mnt/data/data/minGPT/mingpt/model.py,/mnt/data/data/minGPT/projects/adder/adder.py,23051,"['/mnt/data/data/minGPT/projects/adder/adder.py <--- <module>', '/mnt/data/data/minGPT/mingpt/model.py <--- GPT.generate', '/mnt/data/data/minGPT/mingpt/model.py <--- Call Matched Method: topk , Object Name: None, Possible Types: []']",37baab71b9abea1b76ab957409a1cc2fbfba8a26
IOPaint,Sanster/IOPaint,https://github.com/Sanster/IOPaint,run_model,/mnt/data/data/IOPaint/iopaint/benchmark.py,/mnt/data/data/IOPaint/iopaint/benchmark.py,22412,"['/mnt/data/data/IOPaint/iopaint/benchmark.py <--- <module>', '/mnt/data/data/IOPaint/iopaint/benchmark.py <--- run_model', ""/mnt/data/data/IOPaint/iopaint/benchmark.py <--- Call Matched Method: __call__ , Object Name: model, Possible Types: ['ModelManager']""]",61a759fb3f332bacdce8b2813f4837495c9b86e0
localGPT,PromtEngineer/localGPT,https://github.com/PromtEngineer/localGPT,QwenEmbedder_create_embeddings,/mnt/data/data/localGPT/rag_system/indexing/representations.py,/mnt/data/data/localGPT/rag_system/indexing/representations.py,22016,"['/mnt/data/data/localGPT/rag_system/indexing/representations.py <--- <module>', '/mnt/data/data/localGPT/rag_system/indexing/representations.py <--- QwenEmbedder.create_embeddings', '/mnt/data/data/localGPT/rag_system/indexing/representations.py <--- Call Matched Method: no_grad , Object Name: None, Possible Types: []']",47e59d29fc39b495aa7c5db0bc7b24a2d50eac31
langgraph,langchain-ai/langgraph,https://github.com/langchain-ai/langgraph,translate_python_to_ts,/mnt/data/data/langgraph/docs/_scripts/js_translation/add_translation.py,/mnt/data/data/langgraph/docs/_scripts/js_translation/add_translation.py,21560,"['/mnt/data/data/langgraph/docs/_scripts/js_translation/add_translation.py <--- <module>', '/mnt/data/data/langgraph/docs/_scripts/js_translation/add_translation.py <--- translate_python_to_ts', ""/mnt/data/data/langgraph/docs/_scripts/js_translation/add_translation.py <--- Call Matched Method: invoke , Object Name: model, Possible Types: ['ChatAnthropic']""]",94698c8a349e2f795593ee3a94e03e0a60228240
chatgpt_retrieval_plugin,openai/chatgpt-retrieval-plugin,https://github.com/openai/chatgpt-retrieval-plugin,process_json_dump,/mnt/data/data/chatgpt-retrieval-plugin/scripts/process_json/process_json.py,/mnt/data/data/chatgpt-retrieval-plugin/scripts/process_json/process_json.py,21236,"['/mnt/data/data/chatgpt-retrieval-plugin/scripts/process_json/process_json.py <--- <module>', '/mnt/data/data/chatgpt-retrieval-plugin/scripts/process_json/process_json.py <--- process_json_dump', '/mnt/data/data/chatgpt-retrieval-plugin/services/pii_detection.py <--- screen_text_for_pii', '/mnt/data/data/chatgpt-retrieval-plugin/services/openai.py <--- get_chat_completion', '/mnt/data/data/chatgpt-retrieval-plugin/services/openai.py <--- Call Matched Method: create , Object Name: openai.ChatCompletion, Possible Types: []']",b28ddce58474441da332d4e15c6dd60ddaa953ab
flash_attention,Dao-AILab/flash-attention,https://github.com/Dao-AILab/flash-attention,attention_ref,/mnt/data/data/flash-attention/hopper/test_attn_kvcache.py,/mnt/data/data/flash-attention/hopper/test_attn_kvcache.py,20804,"['/mnt/data/data/flash-attention/hopper/test_attn_kvcache.py <--- <module>', '/mnt/data/data/flash-attention/hopper/test_attn_kvcache.py <--- attention_ref', '/mnt/data/data/flash-attention/hopper/test_attn_kvcache.py <--- Call Matched Method: softmax , Object Name: None, Possible Types: []']",6328432b8bb7d80d0aa32271bb4b968389de7436
graphiti,getzep/graphiti,https://github.com/getzep/graphiti,Graphiti_add_episode,/mnt/data/data/graphiti/graphiti_core/graphiti.py,/mnt/data/data/graphiti/examples/quickstart/quickstart_falkordb.py,20522,"['/mnt/data/data/graphiti/examples/quickstart/quickstart_falkordb.py <--- <module>', '/mnt/data/data/graphiti/graphiti_core/graphiti.py <--- Graphiti.add_episode', '/mnt/data/data/graphiti/graphiti_core/utils/maintenance/node_operations.py <--- extract_nodes', '/mnt/data/data/graphiti/graphiti_core/llm_client/gemini_client.py <--- GeminiClient.generate_response', '/mnt/data/data/graphiti/graphiti_core/llm_client/gemini_client.py <--- GeminiClient._generate_response', '/mnt/data/data/graphiti/graphiti_core/llm_client/gemini_client.py <--- GeminiClient.salvage_json', '/mnt/data/data/graphiti/graphiti_core/search/search.py <--- search', '/mnt/data/data/graphiti/graphiti_core/search/search.py <--- edge_search', '/mnt/data/data/graphiti/graphiti_core/cross_encoder/openai_reranker_client.py <--- OpenAIRerankerClient.rank', '/mnt/data/data/graphiti/graphiti_core/cross_encoder/openai_reranker_client.py <--- Call Matched Method: create , Object Name: self.client.chat.completions, Possible Types: []']",2d50fa565d5952bd2801ee391f2f319595a23dca
sglang,sgl-project/sglang,https://github.com/sgl-project/sglang,TestGeluAndMul__run_gelu_and_mul_test,/mnt/data/data/sglang/python/sglang/test/test_activation.py,/mnt/data/data/sglang/python/sglang/test/test_activation.py,20503,"['/mnt/data/data/sglang/python/sglang/test/test_activation.py <--- <module>', '/mnt/data/data/sglang/python/sglang/test/test_activation.py <--- TestGeluAndMul._run_gelu_and_mul_test', '/mnt/data/data/sglang/python/sglang/test/test_activation.py <--- Call Matched Method: inference_mode , Object Name: None, Possible Types: []']",8200fb56cbbd6cd169770da27e4145a7c765622c
peft,huggingface/peft,https://github.com/huggingface/peft,evaluate_on_multi_choice_batched,/mnt/data/data/peft/examples/arrow_multitask/arrow_phi3_mini.py,/mnt/data/data/peft/examples/arrow_multitask/arrow_phi3_mini.py,20166,"['/mnt/data/data/peft/examples/arrow_multitask/arrow_phi3_mini.py <--- <module>', '/mnt/data/data/peft/examples/arrow_multitask/arrow_phi3_mini.py <--- evaluate_on_multi_choice_batched', '/mnt/data/data/peft/examples/arrow_multitask/arrow_phi3_mini.py <--- Call Matched Method: no_grad , Object Name: None, Possible Types: []']",f2c066889543778ea3eaf43798d041bd9acda5a7
Qwen,QwenLM/Qwen,https://github.com/QwenLM/Qwen,get_logits,/mnt/data/data/Qwen/eval/evaluate_ceval.py,/mnt/data/data/Qwen/eval/evaluate_ceval.py,19838,"['/mnt/data/data/Qwen/eval/evaluate_ceval.py <--- <module>', '/mnt/data/data/Qwen/eval/evaluate_ceval.py <--- get_logits', '/mnt/data/data/Qwen/eval/evaluate_ceval.py <--- Call Matched Method: softmax , Object Name: torch.nn.functional, Possible Types: []']",df93496c9b10825a523a0df1e81857acd58a8736
faster_whisper,SYSTRAN/faster-whisper,https://github.com/SYSTRAN/faster-whisper,BatchedInferencePipeline_transcribe,/mnt/data/data/faster-whisper/faster_whisper/transcribe.py,/mnt/data/data/faster-whisper/benchmark/evaluate_yt_commons.py,19270,"['/mnt/data/data/faster-whisper/benchmark/evaluate_yt_commons.py <--- <module>', '/mnt/data/data/faster-whisper/faster_whisper/transcribe.py <--- BatchedInferencePipeline.transcribe', '/mnt/data/data/faster-whisper/faster_whisper/transcribe.py <--- BatchedInferencePipeline._batched_segments_generator', ""/mnt/data/data/faster-whisper/faster_whisper/transcribe.py <--- Call Matched Method: forward , Object Name: self, Possible Types: ['BatchedInferencePipeline']""]",ed9a06cd89a93e47838f564998a6c09b655d7f43
ChatPaper,kaixindelele/ChatPaper,https://github.com/kaixindelele/ChatPaper,Response_chat_response,/mnt/data/data/ChatPaper/ChatReviewerAndResponse/chat_response.py,/mnt/data/data/ChatPaper/ChatReviewerAndResponse/chat_response.py,19138,"['/mnt/data/data/ChatPaper/ChatReviewerAndResponse/chat_response.py <--- <module>', '/mnt/data/data/ChatPaper/ChatReviewerAndResponse/chat_response.py <--- Response.chat_response', '/mnt/data/data/ChatPaper/ChatReviewerAndResponse/chat_response.py <--- Call Matched Method: create , Object Name: openai.ChatCompletion, Possible Types: []']",045205730c164ae6192b99538f1ca666de75d19a
whisperX,m-bain/whisperX,https://github.com/m-bain/whisperX,transcribe_task,/mnt/data/data/whisperX/whisperx/transcribe.py,/mnt/data/data/whisperX/whisperx/__main__.py,18966,"['/mnt/data/data/whisperX/whisperx/__main__.py <--- <module>', '/mnt/data/data/whisperX/whisperx/transcribe.py <--- transcribe_task', ""/mnt/data/data/whisperX/whisperx/transcribe.py <--- Call Matched Method: __call__ , Object Name: diarize_model, Possible Types: ['DiarizationPipeline']""]",d32ec3e3012ec4c0934f4088424c32f3f038b249
surya,datalab-to/surya,https://github.com/datalab-to/surya,LayoutPredictor___call__,/mnt/data/data/surya/surya/layout/__init__.py,/mnt/data/data/surya/benchmark/layout.py,18939,"['/mnt/data/data/surya/benchmark/layout.py <--- <module>', '/mnt/data/data/surya/surya/layout/__init__.py <--- LayoutPredictor.__call__', '/mnt/data/data/surya/surya/layout/__init__.py <--- LayoutPredictor.batch_layout_detection', '/mnt/data/data/surya/surya/layout/__init__.py <--- Call Matched Method: topk , Object Name: None, Possible Types: []']",9764493da100182c906a4e807d929b9e205f0393
DeOldify,jantic/DeOldify,https://github.com/jantic/DeOldify,get_activations,/mnt/data/data/DeOldify/fid/fid_score.py,/mnt/data/data/DeOldify/fid/fid_score.py,18439,"['/mnt/data/data/DeOldify/fid/fid_score.py <--- <module>', '/mnt/data/data/DeOldify/fid/fid_score.py <--- get_activations', ""/mnt/data/data/DeOldify/fid/fid_score.py <--- Call Matched Method: __call__ , Object Name: model, Possible Types: ['InceptionV3']""]",5f86c28923799036ad4b1bf7af8c629ac65efd75
FinGPT,AI4Finance-Foundation/FinGPT,https://github.com/AI4Finance-Foundation/FinGPT,query_gpt4,/mnt/data/data/FinGPT/fingpt/FinGPT_Forecaster/data.py,/mnt/data/data/FinGPT/fingpt/FinGPT_Forecaster/data_pipeline.py,18127,"['/mnt/data/data/FinGPT/fingpt/FinGPT_Forecaster/data_pipeline.py <--- <module>', '/mnt/data/data/FinGPT/fingpt/FinGPT_Forecaster/data.py <--- query_gpt4', '/mnt/data/data/FinGPT/fingpt/FinGPT_Forecaster/data.py <--- Call Matched Method: create , Object Name: client.chat.completions, Possible Types: []']",ce0fc61831691b42c7937ccbc87182790da0775f
sentence_transformers,huggingface/sentence-transformers,https://github.com/huggingface/sentence-transformers,mine_hard_negatives,/mnt/data/data/sentence-transformers/sentence_transformers/util/hard_negatives.py,/mnt/data/data/sentence-transformers/examples/cross_encoder/training/rerankers/training_gooaq_bce.py,17925,"['/mnt/data/data/sentence-transformers/examples/cross_encoder/training/rerankers/training_gooaq_bce.py <--- <module>', '/mnt/data/data/sentence-transformers/sentence_transformers/util/hard_negatives.py <--- mine_hard_negatives', '/mnt/data/data/sentence-transformers/sentence_transformers/util/hard_negatives.py <--- Call Matched Method: topk , Object Name: None, Possible Types: []']",4cb5cdc1da61d4ea7dca9e82a10083da7373b98f
sd_webui_controlnet,Mikubill/sd-webui-controlnet,https://github.com/Mikubill/sd-webui-controlnet,process,/mnt/data/data/sd-webui-controlnet/annotator/zoe/zoedepth/models/base_models/midas_repo/run.py,/mnt/data/data/sd-webui-controlnet/annotator/zoe/zoedepth/models/base_models/midas_repo/run.py,17866,"['/mnt/data/data/sd-webui-controlnet/annotator/zoe/zoedepth/models/base_models/midas_repo/run.py <--- <module>', '/mnt/data/data/sd-webui-controlnet/annotator/zoe/zoedepth/models/base_models/midas_repo/run.py <--- process', '/mnt/data/data/sd-webui-controlnet/annotator/zoe/zoedepth/models/base_models/midas_repo/run.py <--- Call Matched Method: forward , Object Name: model, Possible Types: []']",56cec5b2958edf3b1807b7e7b2b1b5186dbd2f81
sam2,facebookresearch/sam2,https://github.com/facebookresearch/sam2,vos_inference,/mnt/data/data/sam2/tools/vos_inference.py,/mnt/data/data/sam2/tools/vos_inference.py,17852,"['/mnt/data/data/sam2/tools/vos_inference.py <--- <module>', '/mnt/data/data/sam2/tools/vos_inference.py <--- vos_inference', '/mnt/data/data/sam2/tools/vos_inference.py <--- Call Matched Method: inference_mode , Object Name: None, Possible Types: []']",2b90b9f5ceec907a1c18123530e92e794ad901a4
DB_GPT,eosphoros-ai/DB-GPT,https://github.com/eosphoros-ai/DB-GPT,CrossEncoderRanker_rank,/mnt/data/data/DB-GPT/packages/dbgpt-core/src/dbgpt/rag/retriever/rerank.py,/mnt/data/data/DB-GPT/examples/rag/cross_encoder_rerank_example.py,17707,"['/mnt/data/data/DB-GPT/examples/rag/cross_encoder_rerank_example.py <--- <module>', '/mnt/data/data/DB-GPT/packages/dbgpt-core/src/dbgpt/rag/retriever/rerank.py <--- CrossEncoderRanker.rank', '/mnt/data/data/DB-GPT/packages/dbgpt-core/src/dbgpt/rag/embedding/rerank.py <--- QwenRerankEmbeddings.predict', '/mnt/data/data/DB-GPT/packages/dbgpt-core/src/dbgpt/rag/embedding/rerank.py <--- QwenRerankEmbeddings.compute_logits', '/mnt/data/data/DB-GPT/packages/dbgpt-core/src/dbgpt/rag/embedding/rerank.py <--- Call Matched Method: no_grad , Object Name: None, Possible Types: []']",3ba2e9f104327de3ecec317b113755d6dad140f1
CodeFormer,sczhou/CodeFormer,https://github.com/sczhou/CodeFormer,FaceRestoreHelper_get_face_landmarks_5,/mnt/data/data/CodeFormer/facelib/utils/face_restoration_helper.py,/mnt/data/data/CodeFormer/inference_codeformer.py,17668,"['/mnt/data/data/CodeFormer/inference_codeformer.py <--- <module>', '/mnt/data/data/CodeFormer/facelib/utils/face_restoration_helper.py <--- FaceRestoreHelper.get_face_landmarks_5', '/mnt/data/data/CodeFormer/facelib/utils/face_restoration_helper.py <--- Call Matched Method: no_grad , Object Name: None, Possible Types: []']",e878192ee253cfcc8f19e29d3307c181501f53ae
Janus,deepseek-ai/Janus,https://github.com/deepseek-ai/Janus,generate,/mnt/data/data/Janus/interactivechat.py,/mnt/data/data/Janus/interactivechat.py,17621,"['/mnt/data/data/Janus/interactivechat.py <--- <module>', '/mnt/data/data/Janus/interactivechat.py <--- generate', '/mnt/data/data/Janus/interactivechat.py <--- Call Matched Method: softmax , Object Name: None, Possible Types: []']",1daa72fa409002d40931bd7b36a9280362469ead
CosyVoice,FunAudioLLM/CosyVoice,https://github.com/FunAudioLLM/CosyVoice,main,/mnt/data/data/CosyVoice/runtime/triton_trtllm/offline_inference.py,/mnt/data/data/CosyVoice/runtime/triton_trtllm/offline_inference.py,17425,"['/mnt/data/data/CosyVoice/runtime/triton_trtllm/offline_inference.py <--- <module>', '/mnt/data/data/CosyVoice/runtime/triton_trtllm/offline_inference.py <--- main', ""/mnt/data/data/CosyVoice/runtime/triton_trtllm/offline_inference.py <--- Call Matched Method: __call__ , Object Name: token2wav_model, Possible Types: ['CosyVoice2_Token2Wav']""]",8b54619760fcb78abf5e4637a88e19c1b9ab53c9
DeepResearch,Alibaba-NLP/DeepResearch,https://github.com/Alibaba-NLP/DeepResearch,Visit_readpage,/mnt/data/data/DeepResearch/WebAgent/WebDancer/demos/tools/private/visit.py,/mnt/data/data/DeepResearch/WebAgent/WebDancer/demos/tools/private/visit.py,17387,"['/mnt/data/data/DeepResearch/WebAgent/WebDancer/demos/tools/private/visit.py <--- <module>', '/mnt/data/data/DeepResearch/WebAgent/WebDancer/demos/tools/private/visit.py <--- Visit.readpage', '/mnt/data/data/DeepResearch/WebAgent/WebDancer/demos/tools/private/visit.py <--- Visit.llm', '/mnt/data/data/DeepResearch/WebAgent/WebDancer/demos/tools/private/visit.py <--- Call Matched Method: create , Object Name: client.chat.completions, Possible Types: []']",f4618ef5d93cbbe4ec4e77c6e784a171820487bb
LivePortrait,KlingTeam/LivePortrait,https://github.com/KlingTeam/LivePortrait,LivePortraitPipeline_execute,/mnt/data/data/LivePortrait/src/live_portrait_pipeline.py,/mnt/data/data/LivePortrait/inference.py,17379,"['/mnt/data/data/LivePortrait/inference.py <--- <module>', '/mnt/data/data/LivePortrait/src/live_portrait_pipeline.py <--- LivePortraitPipeline.execute', '/mnt/data/data/LivePortrait/src/live_portrait_pipeline.py <--- LivePortraitPipeline.make_motion_template', '/mnt/data/data/LivePortrait/src/live_portrait_wrapper.py <--- LivePortraitWrapper.get_kp_info', '/mnt/data/data/LivePortrait/src/live_portrait_wrapper.py <--- Call Matched Method: no_grad , Object Name: None, Possible Types: []']",60d750181002351069b5288381c6f3d38a7b2ae4
PyTorch_GAN,eriklindernoren/PyTorch-GAN,https://github.com/eriklindernoren/PyTorch-GAN,MultiDiscriminator_compute_loss,/mnt/data/data/PyTorch-GAN/implementations/bicyclegan/models.py,/mnt/data/data/PyTorch-GAN/implementations/bicyclegan/bicyclegan.py,17357,"['/mnt/data/data/PyTorch-GAN/implementations/bicyclegan/bicyclegan.py <--- <module>', '/mnt/data/data/PyTorch-GAN/implementations/bicyclegan/models.py <--- MultiDiscriminator.compute_loss', ""/mnt/data/data/PyTorch-GAN/implementations/bicyclegan/models.py <--- Call Matched Method: forward , Object Name: self, Possible Types: ['MultiDiscriminator']""]",36d3c77e5ff20ebe0aeefd322326a134a279b93e
Grounded_Segment_Anything,IDEA-Research/Grounded-Segment-Anything,https://github.com/IDEA-Research/Grounded-Segment-Anything,get_grounding_output,/mnt/data/data/Grounded-Segment-Anything/GroundingDINO/demo/inference_on_a_image.py,/mnt/data/data/Grounded-Segment-Anything/GroundingDINO/demo/inference_on_a_image.py,17183,"['/mnt/data/data/Grounded-Segment-Anything/GroundingDINO/demo/inference_on_a_image.py <--- <module>', '/mnt/data/data/Grounded-Segment-Anything/GroundingDINO/demo/inference_on_a_image.py <--- get_grounding_output', '/mnt/data/data/Grounded-Segment-Anything/GroundingDINO/demo/inference_on_a_image.py <--- Call Matched Method: no_grad , Object Name: None, Possible Types: []']",126abe633ffe333e16e4a0a4e946bc1003caf757
langextract,google/langextract,https://github.com/google/langextract,OpenAILanguageModel_infer,/mnt/data/data/langextract/langextract/providers/openai.py,/mnt/data/data/langextract/tests/inference_test.py,17005,"['/mnt/data/data/langextract/tests/inference_test.py <--- <module>', '/mnt/data/data/langextract/langextract/providers/openai.py <--- OpenAILanguageModel.infer', '/mnt/data/data/langextract/langextract/providers/openai.py <--- OpenAILanguageModel._process_single_prompt', '/mnt/data/data/langextract/langextract/providers/openai.py <--- Call Matched Method: create , Object Name: self._client.chat.completions, Possible Types: []']",afc7fd9d2364fad2b724cde697b865082ee9ff32
verl,volcengine/verl,https://github.com/volcengine/verl,compute_gae_advantage_return,/mnt/data/data/verl/verl/trainer/ppo/core_algos.py,/mnt/data/data/verl/tests/trainer/config/test_algo_config_on_cpu.py,16905,"['/mnt/data/data/verl/tests/trainer/config/test_algo_config_on_cpu.py <--- <module>', '/mnt/data/data/verl/verl/trainer/ppo/core_algos.py <--- compute_gae_advantage_return', '/mnt/data/data/verl/verl/trainer/ppo/core_algos.py <--- Call Matched Method: no_grad , Object Name: None, Possible Types: []']",95a94e367153ddb88b269cc5c3db606c7baeffe7
trl,huggingface/trl,https://github.com/huggingface/trl,PPOTrainer_generate_completions,/mnt/data/data/trl/trl/experimental/ppo/ppo_trainer.py,/mnt/data/data/trl/examples/scripts/ppo/ppo.py,16473,"['/mnt/data/data/trl/examples/scripts/ppo/ppo.py <--- <module>', '/mnt/data/data/trl/trl/experimental/ppo/ppo_trainer.py <--- PPOTrainer.generate_completions', '/mnt/data/data/trl/trl/experimental/ppo/ppo_trainer.py <--- Call Matched Method: no_grad , Object Name: None, Possible Types: []']",e820eec023fbee4ef14e62f6b41640feb34f1412
opik,comet-ml/opik,https://github.com/comet-ml/opik,GepaOptimizer_optimize_prompt,/mnt/data/data/opik/sdks/opik_optimizer/src/opik_optimizer/algorithms/gepa_optimizer/gepa_optimizer.py,/mnt/data/data/opik/sdks/opik_optimizer/scripts/archive/litellm_gepa_tiny_test_example.py,16208,"['/mnt/data/data/opik/sdks/opik_optimizer/scripts/archive/litellm_gepa_tiny_test_example.py <--- <module>', '/mnt/data/data/opik/sdks/opik_optimizer/src/opik_optimizer/algorithms/gepa_optimizer/gepa_optimizer.py <--- GepaOptimizer.optimize_prompt', '/mnt/data/data/opik/sdks/opik_optimizer/src/opik_optimizer/algorithms/gepa_optimizer/gepa_optimizer.py <--- Call Matched Method: invoke , Object Name: agent, Possible Types: []']",e166d0b55ebb4f56a736260cee951fbfded4d0e4
olmocr,allenai/olmocr,https://github.com/allenai/olmocr,verify_header_footer_match,/mnt/data/data/olmocr/olmocr/bench/miners/check_headers_footers.py,/mnt/data/data/olmocr/olmocr/bench/miners/check_headers_footers.py,16100,"['/mnt/data/data/olmocr/olmocr/bench/miners/check_headers_footers.py <--- <module>', '/mnt/data/data/olmocr/olmocr/bench/miners/check_headers_footers.py <--- verify_header_footer_match', '/mnt/data/data/olmocr/olmocr/bench/miners/check_headers_footers.py <--- Call Matched Method: create , Object Name: client.chat.completions, Possible Types: []']",068aa0fdb216f29d2789ca596169d9305a90a817
RagaAI_Catalyst,raga-ai-hub/RagaAI-Catalyst,https://github.com/raga-ai-hub/RagaAI-Catalyst,LLMGenerator_generate_response,/mnt/data/data/RagaAI-Catalyst/ragaai_catalyst/redteaming/llm_generator.py,/mnt/data/data/RagaAI-Catalyst/ragaai_catalyst/redteaming/data_generator/test_case_generator.py,16072,"['/mnt/data/data/RagaAI-Catalyst/ragaai_catalyst/redteaming/data_generator/test_case_generator.py <--- <module>', '/mnt/data/data/RagaAI-Catalyst/ragaai_catalyst/redteaming/llm_generator.py <--- LLMGenerator.generate_response', '/mnt/data/data/RagaAI-Catalyst/ragaai_catalyst/redteaming/llm_generator.py <--- LLMGenerator.get_xai_response', '/mnt/data/data/RagaAI-Catalyst/ragaai_catalyst/redteaming/llm_generator.py <--- Call Matched Method: create , Object Name: client.chat.completions, Possible Types: []']",ab67893310891140211280a496402003e52cdab5
index_tts,index-tts/index-tts,https://github.com/index-tts/index-tts,IndexTTS_infer,/mnt/data/data/index-tts/indextts/infer.py,/mnt/data/data/index-tts/indextts/cli.py,15997,"['/mnt/data/data/index-tts/indextts/cli.py <--- <module>', '/mnt/data/data/index-tts/indextts/infer.py <--- IndexTTS.infer', ""/mnt/data/data/index-tts/indextts/infer.py <--- Call Matched Method: __call__ , Object Name: self.gpt, Possible Types: ['UnifiedVoice']""]",1698b32033f38a034572891aed698609da2ff392
LaTeX_OCR,lukas-blecher/LaTeX-OCR,https://github.com/lukas-blecher/LaTeX-OCR,Model_generate,/mnt/data/data/LaTeX-OCR/pix2tex/models/utils.py,/mnt/data/data/LaTeX-OCR/pix2tex/eval.py,15982,"['/mnt/data/data/LaTeX-OCR/pix2tex/eval.py <--- <module>', '/mnt/data/data/LaTeX-OCR/pix2tex/models/utils.py <--- Model.generate', '/mnt/data/data/LaTeX-OCR/pix2tex/models/utils.py <--- Call Matched Method: no_grad , Object Name: None, Possible Types: []']",5c1ac929bd19a7ecf86d5fb8d94771c8969fcb80
WeClone,xming521/WeClone,https://github.com/xming521/WeClone,handler_text,/mnt/data/data/WeClone/weclone/eval/test_model.py,/mnt/data/data/WeClone/weclone/eval/test_model.py,15821,"['/mnt/data/data/WeClone/weclone/eval/test_model.py <--- <module>', '/mnt/data/data/WeClone/weclone/eval/test_model.py <--- handler_text', '/mnt/data/data/WeClone/weclone/eval/test_model.py <--- Call Matched Method: create , Object Name: client.chat.completions, Possible Types: []']",9eab753787258c5e3b5a98b7f66d1c5ff1fb9bd0
Bringing_Old_Photos_Back_to_Life,microsoft/Bringing-Old-Photos-Back-to-Life,https://github.com/microsoft/Bringing-Old-Photos-Back-to-Life,Pix2PixHDModel_Mapping_inference,/mnt/data/data/Bringing-Old-Photos-Back-to-Life/Global/models/mapping_model.py,/mnt/data/data/Bringing-Old-Photos-Back-to-Life/Global/test_model.py,15654,"['/mnt/data/data/Bringing-Old-Photos-Back-to-Life/Global/test_model.py <--- <module>', '/mnt/data/data/Bringing-Old-Photos-Back-to-Life/Global/models/mapping_model.py <--- Pix2PixHDModel_Mapping.inference', ""/mnt/data/data/Bringing-Old-Photos-Back-to-Life/Global/models/mapping_model.py <--- Call Matched Method: __call__ , Object Name: self.mapping_net, Possible Types: ['Mapping_Model_with_mask_2', 'Mapping_Model_with_mask']""]",33875eccf4ebcd3665cf38cc56f3a0ce563d3a9c
VideoLingo,Huanshere/VideoLingo,https://github.com/Huanshere/VideoLingo,tts_main,/mnt/data/data/VideoLingo/core/tts_backend/tts_main.py,/mnt/data/data/VideoLingo/core/_10_gen_audio.py,15331,"['/mnt/data/data/VideoLingo/core/_10_gen_audio.py <--- <module>', '/mnt/data/data/VideoLingo/core/tts_backend/tts_main.py <--- tts_main', '/mnt/data/data/VideoLingo/core/utils/ask_gpt.py <--- ask_gpt', '/mnt/data/data/VideoLingo/core/utils/ask_gpt.py <--- Call Matched Method: create , Object Name: client.chat.completions, Possible Types: []']",b94d8fcd0897626b6110f43683f6a9fff222e446
detr,facebookresearch/detr,https://github.com/facebookresearch/detr,ONNXExporterTester_run_model,/mnt/data/data/detr/test_all.py,/mnt/data/data/detr/test_all.py,14916,"['/mnt/data/data/detr/test_all.py <--- <module>', '/mnt/data/data/detr/test_all.py <--- ONNXExporterTester.run_model', '/mnt/data/data/detr/test_all.py <--- Call Matched Method: no_grad , Object Name: None, Possible Types: []']",29901c51d7fe8712168b8d0d64351170bc0f83e0
tortoise_tts,neonbjb/tortoise-tts,https://github.com/neonbjb/tortoise-tts,TextToSpeech_tts_with_preset,/mnt/data/data/tortoise-tts/tortoise/api.py,/mnt/data/data/tortoise-tts/scripts/tortoise_tts.py,14717,"['/mnt/data/data/tortoise-tts/scripts/tortoise_tts.py <--- <module>', '/mnt/data/data/tortoise-tts/tortoise/api.py <--- TextToSpeech.tts_with_preset', '/mnt/data/data/tortoise-tts/tortoise/api.py <--- TextToSpeech.tts', ""/mnt/data/data/tortoise-tts/tortoise/api.py <--- Call Matched Method: __call__ , Object Name: self.cvvp, Possible Types: ['CVVP']""]",8a2563ecabe93c4fb626f876dd0c52c966edef2f
DeepLearningExamples,NVIDIA/DeepLearningExamples,https://github.com/NVIDIA/DeepLearningExamples,evaluate,/mnt/data/data/DeepLearningExamples/DGLPyTorch/DrugDiscovery/SE3Transformer/se3_transformer/runtime/inference.py,/mnt/data/data/DeepLearningExamples/DGLPyTorch/DrugDiscovery/SE3Transformer/se3_transformer/runtime/inference.py,14603,"['/mnt/data/data/DeepLearningExamples/DGLPyTorch/DrugDiscovery/SE3Transformer/se3_transformer/runtime/inference.py <--- <module>', '/mnt/data/data/DeepLearningExamples/DGLPyTorch/DrugDiscovery/SE3Transformer/se3_transformer/runtime/inference.py <--- evaluate', ""/mnt/data/data/DeepLearningExamples/DGLPyTorch/DrugDiscovery/SE3Transformer/se3_transformer/runtime/inference.py <--- Call Matched Method: __call__ , Object Name: model, Possible Types: ['DistributedDataParallel', 'SE3TransformerPooled']""]",729963dd47e7c8bd462ad10bfac7a7b0b604e6dd
llmware,llmware-ai/llmware,https://github.com/llmware-ai/llmware,HFEmbeddingModel_embedding,/mnt/data/data/llmware/llmware/models.py,/mnt/data/data/llmware/examples/Models/huggingface_integration.py,14458,"['/mnt/data/data/llmware/examples/Models/huggingface_integration.py <--- <module>', '/mnt/data/data/llmware/llmware/models.py <--- HFEmbeddingModel.embedding', '/mnt/data/data/llmware/llmware/models.py <--- Call Matched Method: no_grad , Object Name: None, Possible Types: []']",898e4ef1d542c113a3703314ecdec6faa6b4cc3f
csm,SesameAILabs/csm,https://github.com/SesameAILabs/csm,check_audio_from_file,/mnt/data/data/csm/watermarking.py,/mnt/data/data/csm/watermarking.py,14326,"['/mnt/data/data/csm/watermarking.py <--- <module>', '/mnt/data/data/csm/watermarking.py <--- check_audio_from_file', '/mnt/data/data/csm/watermarking.py <--- verify', '/mnt/data/data/csm/watermarking.py <--- Call Matched Method: inference_mode , Object Name: None, Possible Types: []']",2d720827843b653c4d67bb4445b1c0a4f59e646f
nni,microsoft/nni,https://github.com/microsoft/nni,test,/mnt/data/data/nni/examples/compression/quantization/bnn_example.py,/mnt/data/data/nni/examples/compression/quantization/bnn_example.py,14304,"['/mnt/data/data/nni/examples/compression/quantization/bnn_example.py <--- <module>', '/mnt/data/data/nni/examples/compression/quantization/bnn_example.py <--- test', '/mnt/data/data/nni/examples/compression/quantization/bnn_example.py <--- Call Matched Method: no_grad , Object Name: None, Possible Types: []']",767ed7f22e1e588ce76cbbecb6c6a4a76a309805
RWKV_LM,BlinkDL/RWKV-LM,https://github.com/BlinkDL/RWKV-LM,Trainer_run,/mnt/data/data/RWKV-LM/RWKV-v4/src/trainer.py,/mnt/data/data/RWKV-LM/RWKV-v4/train.py,14177,"['/mnt/data/data/RWKV-LM/RWKV-v4/train.py <--- <module>', '/mnt/data/data/RWKV-LM/RWKV-v4/src/trainer.py <--- Trainer.run', '/mnt/data/data/RWKV-LM/RWKV-v4/src/trainer.py <--- Call Matched Method: no_grad , Object Name: None, Possible Types: []']",4a411288b5e6cc9c1148c3101899d4647a12b4c7
dgl,dmlc/dgl,https://github.com/dmlc/dgl,evaluate,/mnt/data/data/dgl/examples/pytorch/model_zoo/citation_network/run.py,/mnt/data/data/dgl/examples/pytorch/model_zoo/citation_network/run.py,14153,"['/mnt/data/data/dgl/examples/pytorch/model_zoo/citation_network/run.py <--- <module>', '/mnt/data/data/dgl/examples/pytorch/model_zoo/citation_network/run.py <--- evaluate', '/mnt/data/data/dgl/examples/pytorch/model_zoo/citation_network/run.py <--- Call Matched Method: no_grad , Object Name: None, Possible Types: []']",3d16000b4170fa741ed9e9667f22ba84d3493026
yolov7,WongKinYiu/yolov7,https://github.com/WongKinYiu/yolov7,test,/mnt/data/data/yolov7/test.py,/mnt/data/data/yolov7/test.py,14046,"['/mnt/data/data/yolov7/test.py <--- <module>', '/mnt/data/data/yolov7/test.py <--- test', ""/mnt/data/data/yolov7/test.py <--- Call Matched Method: __call__ , Object Name: model, Possible Types: ['TracedModel']""]",a207844b1ce82d204ab36d87d496728d3d2348e7
F5_TTS,SWivid/F5-TTS,https://github.com/SWivid/F5-TTS,get_inference_prompt,/mnt/data/data/F5-TTS/src/f5_tts/eval/utils_eval.py,/mnt/data/data/F5-TTS/src/f5_tts/eval/eval_infer_batch.py,13692,"['/mnt/data/data/F5-TTS/src/f5_tts/eval/eval_infer_batch.py <--- <module>', '/mnt/data/data/F5-TTS/src/f5_tts/eval/utils_eval.py <--- get_inference_prompt', ""/mnt/data/data/F5-TTS/src/f5_tts/eval/utils_eval.py <--- Call Matched Method: __call__ , Object Name: mel_spectrogram, Possible Types: ['MelSpec']""]",35f130ee85ff7b86283f5ba1e7d80fef6722c598
FunASR,modelscope/FunASR,https://github.com/modelscope/FunASR,AutoModel_generate,/mnt/data/data/FunASR/funasr/auto/auto_model.py,/mnt/data/data/FunASR/examples/industrial_data_pretraining/fsmn_kws/funasr/bin/inference.py,13651,"['/mnt/data/data/FunASR/examples/industrial_data_pretraining/fsmn_kws/funasr/bin/inference.py <--- <module>', '/mnt/data/data/FunASR/funasr/auto/auto_model.py <--- AutoModel.generate', '/mnt/data/data/FunASR/funasr/auto/auto_model.py <--- AutoModel.inference', '/mnt/data/data/FunASR/funasr/auto/auto_model.py <--- Call Matched Method: no_grad , Object Name: None, Possible Types: []']",c4ac64fd5d24bb3fc8ccc441d36a07c83c8b9015
latent_diffusion,CompVis/latent-diffusion,https://github.com/CompVis/latent-diffusion,PLMSSampler_sample,/mnt/data/data/latent-diffusion/ldm/models/diffusion/plms.py,/mnt/data/data/latent-diffusion/scripts/txt2img.py,13606,"['/mnt/data/data/latent-diffusion/scripts/txt2img.py <--- <module>', '/mnt/data/data/latent-diffusion/ldm/models/diffusion/plms.py <--- PLMSSampler.sample', '/mnt/data/data/latent-diffusion/ldm/models/diffusion/plms.py <--- Call Matched Method: no_grad , Object Name: None, Possible Types: []']",a506df5756472e2ebaf9078affdde2c4f1502cd4
SadTalker,OpenTalker/SadTalker,https://github.com/OpenTalker/SadTalker,CropAndExtract_generate,/mnt/data/data/SadTalker/src/utils/preprocess.py,/mnt/data/data/SadTalker/inference.py,13398,"['/mnt/data/data/SadTalker/inference.py <--- <module>', '/mnt/data/data/SadTalker/src/utils/preprocess.py <--- CropAndExtract.generate', '/mnt/data/data/SadTalker/src/utils/preprocess.py <--- Call Matched Method: no_grad , Object Name: None, Possible Types: []']",cd4c0465ae0b54a6f85af57f5c65fec9fe23e7f8
open_clip,mlfoundations/open_clip,https://github.com/mlfoundations/open_clip,inference_text,/mnt/data/data/open_clip/tests/util_test.py,/mnt/data/data/open_clip/tests/util_test.py,13034,"['/mnt/data/data/open_clip/tests/util_test.py <--- <module>', '/mnt/data/data/open_clip/tests/util_test.py <--- inference_text', '/mnt/data/data/open_clip/tests/util_test.py <--- Call Matched Method: no_grad , Object Name: None, Possible Types: []']",d3cdb734a2710feeb4c6307df037afa5f786a3e1
LoRA,microsoft/LoRA,https://github.com/microsoft/LoRA,beam,/mnt/data/data/LoRA/examples/NLG/src/gpt2_beam.py,/mnt/data/data/LoRA/examples/NLG/src/gpt2_beam.py,12999,"['/mnt/data/data/LoRA/examples/NLG/src/gpt2_beam.py <--- <module>', '/mnt/data/data/LoRA/examples/NLG/src/gpt2_beam.py <--- beam', '/mnt/data/data/LoRA/examples/NLG/src/gpt2_beam.py <--- Call Matched Method: topk , Object Name: None, Possible Types: []']",c4593f060e6a368d7bb5af5273b8e42810cdef90
litgpt,Lightning-AI/litgpt,https://github.com/Lightning-AI/litgpt,validate,/mnt/data/data/litgpt/tutorials/full_finetune_example.py,/mnt/data/data/litgpt/tutorials/full_finetune_example.py,12980,"['/mnt/data/data/litgpt/tutorials/full_finetune_example.py <--- <module>', '/mnt/data/data/litgpt/tutorials/full_finetune_example.py <--- validate', ""/mnt/data/data/litgpt/tutorials/full_finetune_example.py <--- Call Matched Method: __call__ , Object Name: model, Possible Types: ['GPT']""]",299cfa4d0c10afee125af53a4acec36f3ac54480
Wav2Lip,Rudrabha/Wav2Lip,https://github.com/Rudrabha/Wav2Lip,FaceAlignment_get_detections_for_batch,/mnt/data/data/Wav2Lip/face_detection/api.py,/mnt/data/data/Wav2Lip/evaluation/gen_videos_from_filelist.py,12627,"['/mnt/data/data/Wav2Lip/evaluation/gen_videos_from_filelist.py <--- <module>', '/mnt/data/data/Wav2Lip/face_detection/api.py <--- FaceAlignment.get_detections_for_batch', '/mnt/data/data/Wav2Lip/face_detection/detection/sfd/sfd_detector.py <--- SFDDetector.detect_from_batch', '/mnt/data/data/Wav2Lip/face_detection/detection/sfd/detect.py <--- batch_detect', '/mnt/data/data/Wav2Lip/face_detection/detection/sfd/detect.py <--- Call Matched Method: softmax , Object Name: None, Possible Types: []']",5c90fa9b4a2c2a37d0b4ebf7633ac41534eb9941
Genesis,Genesis-Embodied-AI/Genesis,https://github.com/Genesis-Embodied-AI/Genesis,HoverEnv_step,/mnt/data/data/Genesis/examples/drone/hover_env.py,/mnt/data/data/Genesis/examples/drone/hover_eval.py,27712,,391f039953c776db2938e00ae06903d730e7e9bd
PDFMathTranslate,PDFMathTranslate/PDFMathTranslate,https://github.com/PDFMathTranslate/PDFMathTranslate,OllamaTranslator_do_translate,/mnt/data/data/PDFMathTranslate/pdf2zh/translator.py,/mnt/data/data/PDFMathTranslate/test/test_translator.py,30192,,cde084fad6fbefc94e102c2282b98db38be68081
semantic_kernel,microsoft/semantic-kernel,https://github.com/microsoft/semantic-kernel,AutoGenConversableAgent_invoke,/mnt/data/data/semantic-kernel/python/semantic_kernel/agents/autogen/autogen_conversable_agent.py,/mnt/data/data/semantic-kernel/python/samples/concepts/agents/autogen_conversable_agent/autogen_conversable_agent_code_executor.py,26754,,ab53559399f5f28848fd30d9786c0a6f1d9d78e7
